0 0.28046875 0.95 0.0984375 0.06484375
0 0.51015625 0.98515625 0.06875 0.0296875
1 0.3512117203125 0.43385401874999996 0.39955685625 0.08703819375 0.2983332828125 0.044444440625 0.252854634375 0.407175878125 0.3512117203125 0.43385401874999996
1 0.511250453125 0.258222859375 0.5345895359374999 0.12038586874999999 0.4958332828125 0.104444440625 0.4629054703125 0.24266064531249998 0.511250453125 0.258222859375
1 0.6212770812499999 0.28712424687500004 0.6496173734374999 0.104823553125 0.5408332828125 0.08444444062499999 0.5129175734375 0.25377657187499997 0.6212770812499999 0.28712424687500004
1 0 0.8450369406249999 0.0761451515625 0.85403473125 0.0394697109375 0.729536809375 0.071143940625 0.6383863609375 0 0.5489252734375001 0 0.8450369406249999
1 0.321204459375 0.6072619312499999 0.21951328281250002 0.5783605453125 0.2511875140625 0.453862625 0.10833328281250001 0.4377777734375 0.0594745515625 0.61837775625 0.02780016875 0.7273135640625 0.0761451515625 0.8629275125 0.289530228125 0.9007214765624999 0.27452659687500003 0.7806698453124999 0.321204459375 0.6072619312499999
1 0.33833328281249997 0.59111110625 0.29286431875 0.785116134375 0.29619840625 0.905167765625 0.5162516625 0.9540777578125 0.554594378125 0.8318028796875 0.5629298296874999 0.645055896875 0.33833328281249997 0.59111110625
1 0.7871675515625001 1 0.8363291265624999 0.9007214765624999 0.814657315625 0.7362063453125 0.5755094609375 0.6436156000000001 0.554594378125 0.8495884421875 0.5129175734375 0.9718631171875 0.672664909375 1 0.7871675515625001 1
3 0.0359375 0.359375 0.071875 0.271875
3 0.75625 0.19140625 0.190625 0.28046875
3 0.73515625 0.0203125 0.14921875 0.03984375