0 0.33046875 0.02109375 0.1078125 0.0421875
1 0.345387815625 0.8961780828125001 0.33948692187499996 0.53695113125 0.23592124375 0.5518119734375 0.23691102812499998 0.926887834375 0.345387815625 0.8961780828125001
1 0.487161375 0.8791143 0.480612603125 0.73582855625 0.4294012203125 0.7456272 0.4456738859375 0.8904988828124999 0.487161375 0.8791143
1 0.6024336171875 0.9093546703125 0.5963480140625 0.72016380625 0.4817555171875 0.7405650015624999 0.489030003125 0.91649628125 0.6024336171875 0.9093546703125
1 0.0485080015625 0.074352715625 0.013619921875 0.3584933265625 0.0796604078125 0.29362401718750003 0.0587802359375 0.196838325 0.1117208609375 0.0746455125 0.0485080015625 0.074352715625
1 0.1128327875 0.0655896 0.046610503125 0.19764223281249998 0.06526700468749999 0.3125395609375 0.09247439375 0.502565834375 0.24005994687499999 0.5040602015625 0.22334943906250002 0.37331530625 0.33059068125 0.356607603125 0.3047064109375 0.17417820781249999 0.3350066203125 0.0538016171875 0.1128327875 0.0655896
1 0.5727166125 0.0278345171875 0.34235771875 0.050108103125000004 0.3239492546875 0.17194481718750002 0.3460262078125 0.3751979046875 0.581644440625 0.3483656296875 0.5965005437500001 0.15714996875 0.5727166125 0.0278345171875
1 0.8495623 0.2870398765625 0.8922172375 0.122218478125 0.8636429796874999 0.04089483125 0.5959945359375001 0.008031734375 0.571542865625 0.0093057296875 0.5987243953125 0.1390381421875 0.5942835109375 0.351406340625 0.8495623 0.2870398765625
3 0.03125 0.5734375 0.0625 0.284375
3 0.721875 0.834375 0.228125 0.309375
3 0.678125 0.98828125 0.15625 0.0234375